4.605170186 6.39325625 6.029241911
11.51292546 7.202214336 5.917279649
12.20607265 7.111512116 5.868731782
12.61153775 6.938090479 5.905361848
12.89921983 7.66725184 6.156978986
13.12236338 7.679158958 5.38357721
13.30468493 7.429045953 5.768320996
13.45883561 7.547607162 5.790571605
13.59236701 7.367708572 5.530222424
13.71015004 7.885931015 6.219794625
13.81551056 7.389687479 5.492238059

100 778
100000 181602
200000 20390031
300000 46537
400000 1392082
500000 661031
600000 286957218
700000 321072
800000 1140383
900000 608268505
1000000 3026742

100 778
100000 181602
200000 20390031
300000 46537
400000 1392082
500000 661031
700000 321072
800000 1140383
1000000 3026742